{
 "cells": [
  {
   "cell_type": "code",
   "execution_count": 1,
   "metadata": {
    "collapsed": true
   },
   "outputs": [],
   "source": [
    "# The usual imports\n",
    "import pandas as pd"
   ]
  },
  {
   "cell_type": "code",
   "execution_count": 2,
   "metadata": {
    "collapsed": false
   },
   "outputs": [
    {
     "data": {
      "text/html": [
       "<div>\n",
       "<table border=\"1\" class=\"dataframe\">\n",
       "  <thead>\n",
       "    <tr style=\"text-align: right;\">\n",
       "      <th>day_of_week_ret</th>\n",
       "      <th>Fri</th>\n",
       "      <th>Mon</th>\n",
       "      <th>Sat</th>\n",
       "      <th>Sun</th>\n",
       "      <th>Thur</th>\n",
       "      <th>Tue</th>\n",
       "      <th>Wed</th>\n",
       "    </tr>\n",
       "    <tr>\n",
       "      <th>day_of_week_dep</th>\n",
       "      <th></th>\n",
       "      <th></th>\n",
       "      <th></th>\n",
       "      <th></th>\n",
       "      <th></th>\n",
       "      <th></th>\n",
       "      <th></th>\n",
       "    </tr>\n",
       "  </thead>\n",
       "  <tbody>\n",
       "    <tr>\n",
       "      <th>Fri</th>\n",
       "      <td>648.313314</td>\n",
       "      <td>671.862519</td>\n",
       "      <td>783.742975</td>\n",
       "      <td>703.458688</td>\n",
       "      <td>669.397004</td>\n",
       "      <td>612.570156</td>\n",
       "      <td>754.278957</td>\n",
       "    </tr>\n",
       "    <tr>\n",
       "      <th>Mon</th>\n",
       "      <td>590.641378</td>\n",
       "      <td>601.709979</td>\n",
       "      <td>644.547527</td>\n",
       "      <td>710.861894</td>\n",
       "      <td>609.977553</td>\n",
       "      <td>559.276708</td>\n",
       "      <td>707.557244</td>\n",
       "    </tr>\n",
       "    <tr>\n",
       "      <th>Sat</th>\n",
       "      <td>664.001598</td>\n",
       "      <td>678.835879</td>\n",
       "      <td>731.627285</td>\n",
       "      <td>686.599597</td>\n",
       "      <td>638.343448</td>\n",
       "      <td>583.994101</td>\n",
       "      <td>689.127320</td>\n",
       "    </tr>\n",
       "    <tr>\n",
       "      <th>Sun</th>\n",
       "      <td>575.593330</td>\n",
       "      <td>664.462996</td>\n",
       "      <td>668.789391</td>\n",
       "      <td>719.301648</td>\n",
       "      <td>578.913307</td>\n",
       "      <td>562.964301</td>\n",
       "      <td>565.540041</td>\n",
       "    </tr>\n",
       "    <tr>\n",
       "      <th>Thur</th>\n",
       "      <td>640.614428</td>\n",
       "      <td>669.787813</td>\n",
       "      <td>702.324744</td>\n",
       "      <td>734.055653</td>\n",
       "      <td>672.078664</td>\n",
       "      <td>630.974115</td>\n",
       "      <td>669.317431</td>\n",
       "    </tr>\n",
       "    <tr>\n",
       "      <th>Tue</th>\n",
       "      <td>521.283394</td>\n",
       "      <td>571.833854</td>\n",
       "      <td>705.563544</td>\n",
       "      <td>729.692373</td>\n",
       "      <td>617.574370</td>\n",
       "      <td>531.764000</td>\n",
       "      <td>728.836896</td>\n",
       "    </tr>\n",
       "    <tr>\n",
       "      <th>Wed</th>\n",
       "      <td>575.008254</td>\n",
       "      <td>683.745347</td>\n",
       "      <td>798.385233</td>\n",
       "      <td>834.310144</td>\n",
       "      <td>585.582222</td>\n",
       "      <td>632.317329</td>\n",
       "      <td>551.575495</td>\n",
       "    </tr>\n",
       "  </tbody>\n",
       "</table>\n",
       "</div>"
      ],
      "text/plain": [
       "day_of_week_ret         Fri         Mon         Sat         Sun        Thur  \\\n",
       "day_of_week_dep                                                               \n",
       "Fri              648.313314  671.862519  783.742975  703.458688  669.397004   \n",
       "Mon              590.641378  601.709979  644.547527  710.861894  609.977553   \n",
       "Sat              664.001598  678.835879  731.627285  686.599597  638.343448   \n",
       "Sun              575.593330  664.462996  668.789391  719.301648  578.913307   \n",
       "Thur             640.614428  669.787813  702.324744  734.055653  672.078664   \n",
       "Tue              521.283394  571.833854  705.563544  729.692373  617.574370   \n",
       "Wed              575.008254  683.745347  798.385233  834.310144  585.582222   \n",
       "\n",
       "day_of_week_ret         Tue         Wed  \n",
       "day_of_week_dep                          \n",
       "Fri              612.570156  754.278957  \n",
       "Mon              559.276708  707.557244  \n",
       "Sat              583.994101  689.127320  \n",
       "Sun              562.964301  565.540041  \n",
       "Thur             630.974115  669.317431  \n",
       "Tue              531.764000  728.836896  \n",
       "Wed              632.317329  551.575495  "
      ]
     },
     "execution_count": 2,
     "metadata": {},
     "output_type": "execute_result"
    }
   ],
   "source": [
    "'''I read a table that I have from a different exercise. It contains names of the days of the week of departure,\n",
    "days of the week of return and flight price.\n",
    "'''\n",
    "dframe = pd.read_csv(\"grouped3df.csv\")\n",
    "\n",
    "# Pivoting this table first.\n",
    "\n",
    "pivot_table = dframe.pivot('day_of_week_dep', 'day_of_week_ret', 'total')\n",
    "pivot_table"
   ]
  },
  {
   "cell_type": "markdown",
   "metadata": {},
   "source": [
    "The order of columns obviously does not make sense. Neither does the order of rows.\n",
    "Re-ordering columns is easy:\n",
    "dframe = dframe[['col1', 'col2', 'col3']]\n",
    "Remember to include all of the column names - otherwise this function will not work"
   ]
  },
  {
   "cell_type": "code",
   "execution_count": 3,
   "metadata": {
    "collapsed": false
   },
   "outputs": [
    {
     "data": {
      "text/html": [
       "<div>\n",
       "<table border=\"1\" class=\"dataframe\">\n",
       "  <thead>\n",
       "    <tr style=\"text-align: right;\">\n",
       "      <th>day_of_week_ret</th>\n",
       "      <th>Mon</th>\n",
       "      <th>Tue</th>\n",
       "      <th>Wed</th>\n",
       "      <th>Thur</th>\n",
       "      <th>Fri</th>\n",
       "      <th>Sat</th>\n",
       "      <th>Sun</th>\n",
       "    </tr>\n",
       "    <tr>\n",
       "      <th>day_of_week_dep</th>\n",
       "      <th></th>\n",
       "      <th></th>\n",
       "      <th></th>\n",
       "      <th></th>\n",
       "      <th></th>\n",
       "      <th></th>\n",
       "      <th></th>\n",
       "    </tr>\n",
       "  </thead>\n",
       "  <tbody>\n",
       "    <tr>\n",
       "      <th>Fri</th>\n",
       "      <td>671.862519</td>\n",
       "      <td>612.570156</td>\n",
       "      <td>754.278957</td>\n",
       "      <td>669.397004</td>\n",
       "      <td>648.313314</td>\n",
       "      <td>783.742975</td>\n",
       "      <td>703.458688</td>\n",
       "    </tr>\n",
       "    <tr>\n",
       "      <th>Mon</th>\n",
       "      <td>601.709979</td>\n",
       "      <td>559.276708</td>\n",
       "      <td>707.557244</td>\n",
       "      <td>609.977553</td>\n",
       "      <td>590.641378</td>\n",
       "      <td>644.547527</td>\n",
       "      <td>710.861894</td>\n",
       "    </tr>\n",
       "    <tr>\n",
       "      <th>Sat</th>\n",
       "      <td>678.835879</td>\n",
       "      <td>583.994101</td>\n",
       "      <td>689.127320</td>\n",
       "      <td>638.343448</td>\n",
       "      <td>664.001598</td>\n",
       "      <td>731.627285</td>\n",
       "      <td>686.599597</td>\n",
       "    </tr>\n",
       "    <tr>\n",
       "      <th>Sun</th>\n",
       "      <td>664.462996</td>\n",
       "      <td>562.964301</td>\n",
       "      <td>565.540041</td>\n",
       "      <td>578.913307</td>\n",
       "      <td>575.593330</td>\n",
       "      <td>668.789391</td>\n",
       "      <td>719.301648</td>\n",
       "    </tr>\n",
       "    <tr>\n",
       "      <th>Thur</th>\n",
       "      <td>669.787813</td>\n",
       "      <td>630.974115</td>\n",
       "      <td>669.317431</td>\n",
       "      <td>672.078664</td>\n",
       "      <td>640.614428</td>\n",
       "      <td>702.324744</td>\n",
       "      <td>734.055653</td>\n",
       "    </tr>\n",
       "    <tr>\n",
       "      <th>Tue</th>\n",
       "      <td>571.833854</td>\n",
       "      <td>531.764000</td>\n",
       "      <td>728.836896</td>\n",
       "      <td>617.574370</td>\n",
       "      <td>521.283394</td>\n",
       "      <td>705.563544</td>\n",
       "      <td>729.692373</td>\n",
       "    </tr>\n",
       "    <tr>\n",
       "      <th>Wed</th>\n",
       "      <td>683.745347</td>\n",
       "      <td>632.317329</td>\n",
       "      <td>551.575495</td>\n",
       "      <td>585.582222</td>\n",
       "      <td>575.008254</td>\n",
       "      <td>798.385233</td>\n",
       "      <td>834.310144</td>\n",
       "    </tr>\n",
       "  </tbody>\n",
       "</table>\n",
       "</div>"
      ],
      "text/plain": [
       "day_of_week_ret         Mon         Tue         Wed        Thur         Fri  \\\n",
       "day_of_week_dep                                                               \n",
       "Fri              671.862519  612.570156  754.278957  669.397004  648.313314   \n",
       "Mon              601.709979  559.276708  707.557244  609.977553  590.641378   \n",
       "Sat              678.835879  583.994101  689.127320  638.343448  664.001598   \n",
       "Sun              664.462996  562.964301  565.540041  578.913307  575.593330   \n",
       "Thur             669.787813  630.974115  669.317431  672.078664  640.614428   \n",
       "Tue              571.833854  531.764000  728.836896  617.574370  521.283394   \n",
       "Wed              683.745347  632.317329  551.575495  585.582222  575.008254   \n",
       "\n",
       "day_of_week_ret         Sat         Sun  \n",
       "day_of_week_dep                          \n",
       "Fri              783.742975  703.458688  \n",
       "Mon              644.547527  710.861894  \n",
       "Sat              731.627285  686.599597  \n",
       "Sun              668.789391  719.301648  \n",
       "Thur             702.324744  734.055653  \n",
       "Tue              705.563544  729.692373  \n",
       "Wed              798.385233  834.310144  "
      ]
     },
     "execution_count": 3,
     "metadata": {},
     "output_type": "execute_result"
    }
   ],
   "source": [
    "# Changing the order of columns.\n",
    "pivot_table = pivot_table[['Mon', 'Tue', 'Wed', 'Thur', 'Fri', 'Sat', 'Sun']]\n",
    "pivot_table"
   ]
  },
  {
   "cell_type": "markdown",
   "metadata": {},
   "source": [
    "Doing the same for indices is really easy - you do it as follows:\n",
    "\n",
    "dframe = dframe.reindex[['index1', 'index2', 'index3']]"
   ]
  },
  {
   "cell_type": "code",
   "execution_count": 4,
   "metadata": {
    "collapsed": false
   },
   "outputs": [
    {
     "data": {
      "text/html": [
       "<div>\n",
       "<table border=\"1\" class=\"dataframe\">\n",
       "  <thead>\n",
       "    <tr style=\"text-align: right;\">\n",
       "      <th>day_of_week_ret</th>\n",
       "      <th>Mon</th>\n",
       "      <th>Tue</th>\n",
       "      <th>Wed</th>\n",
       "      <th>Thur</th>\n",
       "      <th>Fri</th>\n",
       "      <th>Sat</th>\n",
       "      <th>Sun</th>\n",
       "    </tr>\n",
       "    <tr>\n",
       "      <th>day_of_week_dep</th>\n",
       "      <th></th>\n",
       "      <th></th>\n",
       "      <th></th>\n",
       "      <th></th>\n",
       "      <th></th>\n",
       "      <th></th>\n",
       "      <th></th>\n",
       "    </tr>\n",
       "  </thead>\n",
       "  <tbody>\n",
       "    <tr>\n",
       "      <th>Mon</th>\n",
       "      <td>601.709979</td>\n",
       "      <td>559.276708</td>\n",
       "      <td>707.557244</td>\n",
       "      <td>609.977553</td>\n",
       "      <td>590.641378</td>\n",
       "      <td>644.547527</td>\n",
       "      <td>710.861894</td>\n",
       "    </tr>\n",
       "    <tr>\n",
       "      <th>Tue</th>\n",
       "      <td>571.833854</td>\n",
       "      <td>531.764000</td>\n",
       "      <td>728.836896</td>\n",
       "      <td>617.574370</td>\n",
       "      <td>521.283394</td>\n",
       "      <td>705.563544</td>\n",
       "      <td>729.692373</td>\n",
       "    </tr>\n",
       "    <tr>\n",
       "      <th>Wed</th>\n",
       "      <td>683.745347</td>\n",
       "      <td>632.317329</td>\n",
       "      <td>551.575495</td>\n",
       "      <td>585.582222</td>\n",
       "      <td>575.008254</td>\n",
       "      <td>798.385233</td>\n",
       "      <td>834.310144</td>\n",
       "    </tr>\n",
       "    <tr>\n",
       "      <th>Thur</th>\n",
       "      <td>669.787813</td>\n",
       "      <td>630.974115</td>\n",
       "      <td>669.317431</td>\n",
       "      <td>672.078664</td>\n",
       "      <td>640.614428</td>\n",
       "      <td>702.324744</td>\n",
       "      <td>734.055653</td>\n",
       "    </tr>\n",
       "    <tr>\n",
       "      <th>Fri</th>\n",
       "      <td>671.862519</td>\n",
       "      <td>612.570156</td>\n",
       "      <td>754.278957</td>\n",
       "      <td>669.397004</td>\n",
       "      <td>648.313314</td>\n",
       "      <td>783.742975</td>\n",
       "      <td>703.458688</td>\n",
       "    </tr>\n",
       "    <tr>\n",
       "      <th>Sat</th>\n",
       "      <td>678.835879</td>\n",
       "      <td>583.994101</td>\n",
       "      <td>689.127320</td>\n",
       "      <td>638.343448</td>\n",
       "      <td>664.001598</td>\n",
       "      <td>731.627285</td>\n",
       "      <td>686.599597</td>\n",
       "    </tr>\n",
       "    <tr>\n",
       "      <th>Sun</th>\n",
       "      <td>664.462996</td>\n",
       "      <td>562.964301</td>\n",
       "      <td>565.540041</td>\n",
       "      <td>578.913307</td>\n",
       "      <td>575.593330</td>\n",
       "      <td>668.789391</td>\n",
       "      <td>719.301648</td>\n",
       "    </tr>\n",
       "  </tbody>\n",
       "</table>\n",
       "</div>"
      ],
      "text/plain": [
       "day_of_week_ret         Mon         Tue         Wed        Thur         Fri  \\\n",
       "day_of_week_dep                                                               \n",
       "Mon              601.709979  559.276708  707.557244  609.977553  590.641378   \n",
       "Tue              571.833854  531.764000  728.836896  617.574370  521.283394   \n",
       "Wed              683.745347  632.317329  551.575495  585.582222  575.008254   \n",
       "Thur             669.787813  630.974115  669.317431  672.078664  640.614428   \n",
       "Fri              671.862519  612.570156  754.278957  669.397004  648.313314   \n",
       "Sat              678.835879  583.994101  689.127320  638.343448  664.001598   \n",
       "Sun              664.462996  562.964301  565.540041  578.913307  575.593330   \n",
       "\n",
       "day_of_week_ret         Sat         Sun  \n",
       "day_of_week_dep                          \n",
       "Mon              644.547527  710.861894  \n",
       "Tue              705.563544  729.692373  \n",
       "Wed              798.385233  834.310144  \n",
       "Thur             702.324744  734.055653  \n",
       "Fri              783.742975  703.458688  \n",
       "Sat              731.627285  686.599597  \n",
       "Sun              668.789391  719.301648  "
      ]
     },
     "execution_count": 4,
     "metadata": {},
     "output_type": "execute_result"
    }
   ],
   "source": [
    "# Re-indexing the rows.\n",
    "\n",
    "pivot_table = pivot_table.reindex(['Mon', 'Tue', 'Wed', 'Thur', 'Fri', 'Sat', 'Sun'])\n",
    "pivot_table"
   ]
  }
 ],
 "metadata": {
  "kernelspec": {
   "display_name": "Python 2",
   "language": "python",
   "name": "python2"
  },
  "language_info": {
   "codemirror_mode": {
    "name": "ipython",
    "version": 2
   },
   "file_extension": ".py",
   "mimetype": "text/x-python",
   "name": "python",
   "nbconvert_exporter": "python",
   "pygments_lexer": "ipython2",
   "version": "2.7.11"
  }
 },
 "nbformat": 4,
 "nbformat_minor": 0
}
